f 2 1 3
f 1 4 3
f 5 8 6
f 8 7 6
f 9 10 4
f 10 3 4
f 12 11 13
f 11 9 13
f 14 16 12
f 16 15 12
f 18 17 19
f 17 20 19
f 22 21 23
f 21 24 23
f 26 25 27
f 25 28 27
f 30 29 31
f 29 32 31
f 33 36 34
f 36 35 34
f 37 40 38
f 40 39 38
f 41 6 42
f 6 43 42
f 6 7 43
f 7 44 43
f 45 46 34
f 46 33 34
f 48 47 49
f 47 50 49
f 52 51 53
f 51 54 53
f 56 55 52
f 55 51 52
f 58 57 59
f 57 60 59
f 61 4 62
f 4 1 62
f 64 63 65
f 63 66 65
f 68 67 69
f 67 70 69
f 72 71 73
f 71 74 73
f 76 75 77
f 75 78 77
f 53 54 79
f 54 80 79
f 82 81 83
f 81 84 83
f 85 52 86
f 52 53 86
f 57 87 60
f 87 88 60
f 89 43 90
f 43 44 90
f 43 89 42
f 89 91 42
f 40 92 39
f 92 93 39
f 94 64 70
f 64 69 70
f 13 9 61
f 9 4 61
f 25 69 28
f 69 95 28
f 96 68 25
f 68 69 25
f 98 97 99
f 97 100 99
f 101 104 102
f 104 103 102
f 106 105 30
f 105 29 30
f 51 107 54
f 107 108 54
f 54 108 80
f 108 109 80
f 111 110 112
f 110 113 112
f 115 114 5
f 114 116 5
f 115 5 41
f 5 6 41
f 36 111 35
f 111 117 35
f 35 117 118
f 117 119 118
f 34 35 120
f 35 118 120
f 34 120 45
f 120 121 45
f 125 124 126
f 124 127 126
f 128 14 129
f 14 130 129
f 33 46 131
f 46 132 131
f 133 63 94
f 63 64 94
f 134 137 135
f 137 136 135
f 139 138 140
f 138 141 140
f 77 78 142
f 78 143 142
f 144 20 145
f 20 146 145
f 148 147 149
f 147 72 149
f 151 150 152
f 150 153 152
f 82 83 101
f 83 104 101
f 101 155 82
f 155 154 82
f 156 58 157
f 58 59 157
f 158 147 68
f 147 67 68
f 159 15 146
f 15 16 146
f 68 96 158
f 96 160 158
f 129 130 66
f 130 65 66
f 162 161 163
f 161 164 163
f 166 165 167
f 165 168 167
f 170 169 171
f 169 172 171
f 174 173 171
f 173 170 171
f 176 175 177
f 175 178 177
f 180 179 181
f 179 24 181
f 182 21 183
f 21 184 183
f 81 82 185
f 82 154 185
f 186 188 187
f 188 144 187
f 158 160 71
f 160 189 71
f 190 157 135
f 157 59 135
f 169 139 172
f 139 140 172
f 147 158 72
f 158 71 72
f 192 191 193
f 191 194 193
f 167 49 166
f 49 195 166
f 196 50 190
f 50 157 190
f 197 200 198
f 200 199 198
f 21 182 24
f 182 181 24
f 146 20 159
f 20 17 159
f 182 81 181
f 81 185 181
f 201 180 185
f 180 181 185
f 202 83 203
f 83 84 203
f 205 204 206
f 204 85 206
f 207 184 22
f 184 21 22
f 179 208 24
f 208 23 24
f 208 179 209
f 179 205 209
f 209 205 210
f 205 206 210
f 212 211 206
f 211 210 206
f 179 180 205
f 180 204 205
f 213 88 176
f 88 214 176
f 86 212 85
f 212 206 85
f 193 218 217
f 217 218 219
f 218 220 219
f 219 220 18
f 220 17 18
f 19 20 221
f 20 144 221
f 222 225 223
f 225 224 223
f 175 176 226
f 176 214 226
f 227 214 87
f 214 88 87
f 220 228 17
f 228 159 17
f 134 60 213
f 60 88 213
f 138 151 229
f 151 152 229
f 193 210 192
f 210 211 192
f 230 218 194
f 218 193 194
f 231 228 232
f 228 230 232
f 233 91 234
f 91 89 234
f 235 93 236
f 93 92 236
f 230 234 232
f 234 237 232
f 47 48 238
f 48 239 238
f 240 235 191
f 235 236 191
f 5 116 8
f 116 241 8
f 242 189 243
f 189 160 243
f 244 98 245
f 98 99 245
f 156 47 246
f 47 238 246
f 76 77 247
f 77 248 247
f 250 249 125
f 249 124 125
f 252 251 253
f 251 254 253
f 111 36 110
f 36 255 110
f 256 255 33
f 255 36 33
f 257 154 258
f 154 155 258
f 63 133 169
f 133 139 169
f 66 63 170
f 63 169 170
f 173 129 170
f 129 66 170
f 129 173 128
f 173 259 128
f 128 259 260
f 259 261 260
f 213 262 134
f 262 137 134
f 263 186 264
f 186 187 264
f 112 113 265
f 113 266 265
f 11 268 267
f 234 230 233
f 230 194 233
f 153 70 269
f 70 67 269
f 175 165 178
f 165 141 178
f 150 94 153
f 94 70 153
f 271 270 221
f 270 207 221
f 269 272 153
f 272 152 153
f 121 109 45
f 109 108 45
f 47 156 50
f 156 157 50
f 57 58 273
f 58 274 273
f 145 260 275
f 260 261 275
f 276 143 149
f 143 78 149
f 148 75 269
f 75 272 269
f 207 270 277
f 270 278 277
f 195 49 196
f 49 50 196
f 59 60 135
f 60 134 135
f 83 202 104
f 202 279 104
f 149 78 148
f 78 75 148
f 247 248 278
f 248 277 278
f 183 84 182
f 84 81 182
f 48 281 239
f 281 282 239
f 227 283 223
f 283 222 223
f 223 224 226
f 224 168 226
f 281 224 282
f 224 225 282
f 165 175 168
f 175 226 168
f 264 138 263
f 138 229 263
f 14 128 16
f 128 260 16
f 220 218 228
f 218 230 228
f 87 284 227
f 284 283 227
f 260 145 16
f 145 146 16
f 244 258 98
f 258 155 98
f 58 156 274
f 156 246 274
f 107 51 285
f 51 55 285
f 243 160 286
f 160 96 286
f 234 89 237
f 89 90 237
f 46 107 132
f 107 285 132
f 253 249 252
f 249 250 252
f 286 96 26
f 96 25 26
f 106 287 105
f 287 288 105
f 272 289 152
f 289 229 152
f 138 139 151
f 139 133 151
f 183 161 290
f 161 162 290
f 291 277 292
f 277 293 292
f 151 133 150
f 133 94 150
f 262 177 275
f 177 187 275
f 144 145 187
f 145 275 187
f 273 284 57
f 284 87 57
f 174 190 136
f 190 135 136
f 111 112 117
f 112 38 117
f 117 38 119
f 38 123 119
f 112 265 38
f 265 37 38
f 287 254 288
f 254 251 288
f 228 231 159
f 231 15 159
f 223 226 227
f 226 214 227
f 147 148 67
f 148 269 67
f 224 281 168
f 281 167 168
f 199 200 163
f 200 162 163
f 45 108 46
f 108 107 46
f 281 48 167
f 48 49 167
f 161 291 164
f 291 292 164
f 38 39 123
f 293 277 294
f 277 248 294
f 284 296 283
f 296 295 283
f 284 273 296
f 273 297 296
f 274 298 273
f 298 297 273
f 246 299 274
f 299 298 274
f 283 295 222
f 295 300 222
f 222 300 225
f 300 301 225
f 301 302 225
f 302 282 225
f 303 300 304
f 300 295 304
f 306 305 307
f 305 308 307
f 309 308 310
f 308 305 310
f 308 312 307
f 312 311 307
f 313 312 314
f 312 315 314
f 311 312 316
f 312 313 316
f 317 311 304
f 311 316 304
f 315 312 309
f 312 308 309
f 318 321 319
f 321 320 319
f 319 309 318
f 309 310 318
f 311 317 307
f 317 306 307
f 306 317 297
f 317 296 297
f 306 297 322
f 297 298 322
f 305 306 323
f 306 322 323
f 323 324 305
f 324 310 305
f 304 295 317
f 295 296 317
f 318 310 325
f 310 324 325
f 323 326 324
f 326 327 324
f 324 327 325
f 327 328 325
f 326 329 327
f 329 330 327
f 329 326 331
f 326 332 331
f 333 328 330
f 328 327 330
f 323 322 326
f 322 332 326
f 322 298 332
f 298 299 332
f 325 334 318
f 334 321 318
f 313 335 316
f 335 304 316
f 335 313 336
f 313 314 336
f 304 335 303
f 335 337 303
f 336 338 335
f 338 337 335
f 336 314 339
f 314 340 339
f 246 238 299
f 238 341 299
f 239 282 342
f 282 302 342
f 342 341 239
f 341 238 239
f 341 342 331
f 342 343 331
f 331 343 329
f 343 344 329
f 342 302 343
f 302 345 343
f 341 331 299
f 331 332 299
f 346 345 301
f 345 302 301
f 346 301 303
f 301 300 303
f 347 346 337
f 346 303 337
f 347 348 346
f 348 345 346
f 349 350 347
f 350 348 347
f 343 345 344
f 345 348 344
f 344 348 351
f 348 350 351
f 337 338 347
f 338 349 347
f 353 352 338
f 352 349 338
f 352 354 355
f 354 356 355
f 352 355 349
f 355 350 349
f 352 353 354
f 353 334 354
f 353 339 334
f 339 321 334
f 339 353 336
f 353 338 336
f 329 344 330
f 344 351 330
f 356 333 351
f 333 330 351
f 356 351 355
f 351 350 355
f 354 328 356
f 328 333 356
f 328 354 325
f 354 334 325
f 309 319 315
f 319 320 315
f 320 321 340
f 321 339 340
f 320 340 315
f 340 314 315
f 137 261 136
f 261 259 136
f 140 141 166
f 141 165 166
f 172 195 171
f 195 196 171
f 171 196 174
f 196 190 174
f 178 264 177
f 264 187 177
f 172 140 195
f 140 166 195
f 137 262 261
f 262 275 261
f 178 141 264
f 141 138 264
f 262 213 177
f 213 176 177
f 136 259 174
f 259 173 174
f 358 357 359
f 357 360 359
f 362 361 363
f 361 364 363
f 361 365 364
f 365 366 364
f 367 370 368
f 370 369 368
f 76 247 371
f 247 372 371
f 373 362 374
f 362 363 374
f 376 375 377
f 375 378 377
f 289 380 229
f 380 379 229
f 381 263 379
f 263 229 379
f 383 382 384
f 382 385 384
f 386 374 368
f 374 363 368
f 76 371 289
f 371 380 289
f 377 359 376
f 359 387 376
f 388 360 386
f 360 374 386
f 389 366 383
f 366 390 383
f 392 391 393
f 391 394 393
f 383 390 382
f 390 395 382
f 396 390 365
f 390 366 365
f 389 367 366
f 367 364 366
f 357 358 397
f 358 398 397
f 373 357 399
f 357 397 399
f 389 400 367
f 400 370 367
f 382 375 385
f 375 372 385
f 357 373 360
f 373 374 360
f 361 362 401
f 362 402 401
f 387 359 388
f 359 360 388
f 363 364 368
f 364 367 368
f 358 403 398
f 403 404 398
f 396 405 392
f 405 391 392
f 392 393 395
f 393 378 395
f 393 394 403
f 394 404 403
f 375 382 378
f 382 395 378
f 365 406 396
f 406 405 396
f 362 373 402
f 373 399 402
f 271 400 270
f 400 384 270
f 401 406 361
f 406 365 361
f 381 386 369
f 386 368 369
f 392 395 396
f 395 390 396
f 393 403 378
f 403 377 378
f 403 358 377
f 358 359 377
f 406 408 405
f 408 407 405
f 406 401 408
f 401 409 408
f 401 402 409
f 402 410 409
f 402 399 410
f 399 411 410
f 405 407 391
f 407 412 391
f 391 412 394
f 412 413 394
f 394 413 404
f 413 414 404
f 415 412 416
f 412 407 416
f 418 417 419
f 417 420 419
f 421 418 422
f 418 419 422
f 419 424 422
f 424 423 422
f 425 424 426
f 424 427 426
f 423 424 428
f 424 425 428
f 427 424 420
f 424 419 420
f 420 417 429
f 417 430 429
f 423 431 422
f 431 421 422
f 421 431 409
f 431 408 409
f 421 409 432
f 409 410 432
f 418 421 433
f 421 432 433
f 434 417 433
f 417 418 433
f 431 423 416
f 423 428 416
f 416 407 431
f 407 408 431
f 435 430 434
f 430 417 434
f 433 436 434
f 436 437 434
f 434 437 435
f 437 438 435
f 436 439 437
f 439 440 437
f 439 436 441
f 436 442 441
f 438 437 443
f 437 440 443
f 436 433 442
f 433 432 442
f 432 410 442
f 410 411 442
f 435 445 430
f 445 444 430
f 430 444 429
f 444 446 429
f 425 447 428
f 447 416 428
f 426 448 425
f 448 447 425
f 416 447 415
f 447 449 415
f 447 448 449
f 448 450 449
f 451 448 452
f 448 426 452
f 446 444 452
f 444 451 452
f 399 397 411
f 397 453 411
f 398 404 454
f 404 414 454
f 454 453 398
f 453 397 398
f 453 454 441
f 454 455 441
f 441 455 439
f 455 456 439
f 454 414 455
f 414 457 455
f 441 442 453
f 442 411 453
f 458 457 413
f 457 414 413
f 458 413 415
f 413 412 415
f 458 415 459
f 415 449 459
f 459 460 458
f 460 457 458
f 461 462 459
f 462 460 459
f 455 457 456
f 457 460 456
f 456 460 463
f 460 462 463
f 459 449 461
f 449 450 461
f 465 464 450
f 464 461 450
f 464 466 467
f 466 468 467
f 464 467 461
f 467 462 461
f 464 465 466
f 465 445 466
f 465 451 445
f 451 444 445
f 451 465 448
f 465 450 448
f 439 456 440
f 456 463 440
f 468 443 463
f 443 440 463
f 468 463 467
f 463 462 467
f 466 438 468
f 438 443 468
f 438 466 435
f 466 445 435
f 420 429 427
f 429 446 427
f 446 452 427
f 452 426 427
f 370 188 369
f 188 186 369
f 371 372 376
f 372 375 376
f 380 387 379
f 387 388 379
f 379 388 381
f 388 386 381
f 385 278 384
f 278 270 384
f 380 371 387
f 371 376 387
f 400 271 370
f 271 188 370
f 385 372 278
f 372 247 278
f 400 389 384
f 389 383 384
f 369 186 381
f 186 263 381
f 221 144 271
f 144 188 271
f 221 207 19
f 207 22 19
f 19 22 18
f 22 23 18
f 18 23 219
f 23 208 219
f 469 472 470
f 472 471 470
f 474 473 475
f 473 476 475
f 473 477 476
f 477 478 476
f 480 479 481
f 479 482 481
f 483 474 484
f 474 475 484
f 486 485 487
f 485 488 487
f 489 77 490
f 77 142 490
f 491 248 489
f 248 77 489
f 493 492 494
f 492 495 494
f 496 484 480
f 484 475 480
f 486 487 497
f 487 471 497
f 498 472 496
f 472 484 496
f 499 478 493
f 478 500 493
f 501 504 502
f 504 503 502
f 493 500 492
f 500 505 492
f 506 500 477
f 500 478 477
f 499 479 478
f 479 476 478
f 469 470 507
f 470 508 507
f 483 469 509
f 469 507 509
f 479 499 482
f 499 510 482
f 492 485 495
f 485 511 495
f 483 484 469
f 484 472 469
f 473 474 512
f 474 513 512
f 497 471 498
f 471 472 498
f 475 476 480
f 476 479 480
f 470 514 508
f 514 515 508
f 506 516 502
f 516 501 502
f 503 488 502
f 488 505 502
f 514 503 515
f 503 504 515
f 485 492 488
f 492 505 488
f 477 517 506
f 517 516 506
f 474 483 513
f 483 509 513
f 510 494 292
f 494 164 292
f 512 517 473
f 517 477 473
f 491 496 481
f 496 480 481
f 502 505 506
f 505 500 506
f 503 514 488
f 514 487 488
f 514 470 487
f 470 471 487
f 517 519 516
f 519 518 516
f 517 512 519
f 512 520 519
f 512 513 520
f 513 521 520
f 513 509 521
f 509 522 521
f 516 518 501
f 518 523 501
f 501 523 504
f 523 524 504
f 524 525 504
f 525 515 504
f 526 523 527
f 523 518 527
f 529 528 530
f 528 531 530
f 532 529 533
f 529 530 533
f 530 535 533
f 535 534 533
f 536 535 537
f 535 538 537
f 534 535 539
f 535 536 539
f 538 535 531
f 535 530 531
f 540 531 541
f 531 528 541
f 533 534 532
f 534 542 532
f 532 542 520
f 542 519 520
f 532 520 543
f 520 521 543
f 529 532 544
f 532 543 544
f 544 545 529
f 545 528 529
f 534 539 542
f 539 527 542
f 527 518 542
f 518 519 542
f 541 528 546
f 528 545 546
f 547 548 544
f 548 545 544
f 546 545 549
f 545 548 549
f 550 551 547
f 551 548 547
f 547 553 550
f 553 552 550
f 549 548 554
f 548 551 554
f 544 543 547
f 543 553 547
f 543 521 553
f 521 522 553
f 546 556 541
f 556 555 541
f 541 555 540
f 555 557 540
f 536 558 539
f 558 527 539
f 537 559 536
f 559 558 536
f 527 558 526
f 558 560 526
f 559 561 558
f 561 560 558
f 559 537 562
f 537 563 562
f 557 555 563
f 555 562 563
f 509 507 522
f 507 564 522
f 508 515 565
f 515 525 565
f 565 564 508
f 564 507 508
f 564 565 552
f 565 566 552
f 552 566 550
f 566 567 550
f 565 525 566
f 525 568 566
f 564 552 522
f 552 553 522
f 569 568 524
f 568 525 524
f 569 524 526
f 524 523 526
f 570 569 560
f 569 526 560
f 570 571 569
f 571 568 569
f 572 573 570
f 573 571 570
f 566 568 567
f 568 571 567
f 567 571 574
f 571 573 574
f 570 560 572
f 560 561 572
f 576 575 561
f 575 572 561
f 575 577 578
f 577 579 578
f 575 578 572
f 578 573 572
f 575 576 577
f 576 556 577
f 576 562 556
f 562 555 556
f 562 576 559
f 576 561 559
f 550 567 551
f 567 574 551
f 579 554 574
f 554 551 574
f 579 574 578
f 574 573 578
f 579 577 554
f 577 549 554
f 549 577 546
f 577 556 546
f 531 540 538
f 540 557 538
f 557 563 538
f 563 537 538
f 481 482 294
f 482 293 294
f 580 511 486
f 511 485 486
f 490 497 489
f 497 498 489
f 489 498 491
f 498 496 491
f 163 164 495
f 164 494 495
f 580 486 490
f 486 497 490
f 482 510 293
f 510 292 293
f 495 511 163
f 511 199 163
f 494 510 493
f 510 499 493
f 481 294 491
f 294 248 491
f 582 581 583
f 581 584 583
f 586 585 587
f 585 588 587
f 585 589 588
f 589 590 588
f 592 591 593
f 591 594 593
f 595 598 596
f 598 597 596
f 599 586 600
f 586 587 600
f 601 604 602
f 604 603 602
f 605 608 606
f 608 607 606
f 609 200 607
f 200 606 607
f 610 613 611
f 613 612 611
f 600 587 614
f 587 592 614
f 596 597 605
f 597 608 605
f 602 603 615
f 603 583 615
f 616 584 614
f 584 600 614
f 611 617 618
f 617 590 618
f 620 619 621
f 619 622 621
f 610 611 623
f 611 618 623
f 624 618 589
f 618 590 589
f 617 591 590
f 591 588 590
f 581 582 625
f 582 626 625
f 599 581 627
f 581 625 627
f 591 617 594
f 617 628 594
f 601 598 610
f 598 613 610
f 581 599 584
f 599 600 584
f 585 586 629
f 586 630 629
f 615 583 616
f 583 584 616
f 587 588 592
f 588 591 592
f 582 631 626
f 631 632 626
f 624 633 620
f 633 619 620
f 621 604 620
f 604 623 620
f 631 621 632
f 621 622 632
f 610 623 601
f 623 604 601
f 589 634 624
f 634 633 624
f 586 599 630
f 599 627 630
f 203 628 202
f 628 612 202
f 629 634 585
f 634 589 585
f 609 614 593
f 614 592 593
f 620 623 624
f 623 618 624
f 631 603 621
f 603 604 621
f 582 583 631
f 583 603 631
f 634 636 633
f 636 635 633
f 634 629 636
f 629 637 636
f 629 630 637
f 630 638 637
f 630 627 638
f 627 639 638
f 633 635 619
f 635 640 619
f 619 640 622
f 640 641 622
f 641 642 622
f 642 632 622
f 644 643 635
f 643 640 635
f 645 648 646
f 648 647 646
f 649 646 650
f 646 647 650
f 647 652 650
f 652 651 650
f 652 655 653
f 655 654 653
f 651 652 656
f 652 653 656
f 655 652 648
f 652 647 648
f 648 645 657
f 645 658 657
f 650 651 649
f 651 659 649
f 649 659 637
f 659 636 637
f 649 637 660
f 637 638 660
f 661 646 660
f 646 649 660
f 662 645 661
f 645 646 661
f 651 656 659
f 656 644 659
f 644 635 659
f 635 636 659
f 663 658 662
f 658 645 662
f 664 665 661
f 665 662 661
f 663 662 666
f 662 665 666
f 667 668 664
f 668 665 664
f 664 670 667
f 670 669 667
f 666 665 671
f 665 668 671
f 661 660 664
f 660 670 664
f 660 638 670
f 638 639 670
f 658 663 672
f 663 673 672
f 658 672 657
f 672 674 657
f 653 675 656
f 675 644 656
f 653 654 675
f 654 676 675
f 675 677 644
f 677 643 644
f 676 678 675
f 678 677 675
f 679 676 680
f 676 654 680
f 674 672 680
f 672 679 680
f 627 625 639
f 625 681 639
f 626 632 682
f 632 642 682
f 681 625 682
f 625 626 682
f 669 681 683
f 681 682 683
f 667 669 684
f 669 683 684
f 682 642 683
f 642 685 683
f 681 669 639
f 669 670 639
f 686 685 641
f 685 642 641
f 641 640 686
f 640 643 686
f 686 643 687
f 643 677 687
f 687 688 686
f 688 685 686
f 689 690 687
f 690 688 687
f 683 685 684
f 685 688 684
f 684 688 691
f 688 690 691
f 687 677 689
f 677 678 689
f 693 692 678
f 692 689 678
f 692 694 695
f 694 696 695
f 692 695 689
f 695 690 689
f 692 693 694
f 693 673 694
f 693 679 673
f 679 672 673
f 679 693 676
f 693 678 676
f 684 691 667
f 691 668 667
f 696 671 691
f 671 668 691
f 696 691 695
f 691 690 695
f 694 666 696
f 666 671 696
f 666 694 663
f 694 673 663
f 648 657 655
f 657 674 655
f 674 680 655
f 680 654 655
f 593 594 162
f 594 290 162
f 598 601 597
f 601 602 597
f 615 616 608
f 616 607 608
f 607 616 609
f 616 614 609
f 697 613 595
f 613 598 595
f 597 602 608
f 602 615 608
f 594 628 290
f 628 203 290
f 628 617 612
f 617 611 612
f 593 162 609
f 162 200 609
f 105 698 29
f 698 699 29
f 268 701 126
f 701 700 126
f 126 700 125
f 700 702 125
f 252 250 703
f 250 704 703
f 32 705 268
f 705 701 268
f 288 706 105
f 706 698 105
f 29 699 32
f 699 705 32
f 707 706 251
f 706 288 251
f 250 125 704
f 125 702 704
f 703 707 252
f 707 251 252
f 706 707 708
f 707 709 708
f 707 703 709
f 703 710 709
f 703 704 710
f 704 711 710
f 704 702 711
f 702 712 711
f 706 708 698
f 708 713 698
f 698 713 699
f 713 714 699
f 699 714 705
f 714 715 705
f 717 716 708
f 716 713 708
f 719 718 720
f 718 721 720
f 722 719 723
f 719 720 723
f 724 723 725
f 723 720 725
f 724 725 726
f 725 727 726
f 728 725 721
f 725 720 721
f 721 729 728
f 729 730 728
f 729 721 731
f 721 718 731
f 724 732 723
f 732 722 723
f 722 732 710
f 732 709 710
f 722 710 733
f 710 711 733
f 719 722 734
f 722 733 734
f 734 735 719
f 735 718 719
f 724 726 732
f 726 717 732
f 717 708 732
f 708 709 732
f 731 718 736
f 718 735 736
f 737 738 734
f 738 735 734
f 736 735 739
f 735 738 739
f 740 741 737
f 741 738 737
f 737 743 740
f 743 742 740
f 739 738 744
f 738 741 744
f 734 733 737
f 733 743 737
f 733 711 743
f 711 712 743
f 736 746 731
f 746 745 731
f 731 745 729
f 745 730 729
f 727 747 726
f 747 717 726
f 748 749 727
f 749 747 727
f 747 750 717
f 750 716 717
f 749 751 747
f 751 750 747
f 749 748 752
f 748 753 752
f 730 745 753
f 745 752 753
f 728 748 725
f 748 727 725
f 730 753 728
f 753 748 728
f 700 754 702
f 754 712 702
f 705 715 701
f 715 755 701
f 754 700 755
f 700 701 755
f 742 754 756
f 754 755 756
f 740 742 757
f 742 756 757
f 755 715 756
f 715 758 756
f 754 742 712
f 742 743 712
f 759 758 714
f 758 715 714
f 714 713 759
f 713 716 759
f 759 716 760
f 716 750 760
f 760 761 759
f 761 758 759
f 762 763 760
f 763 761 760
f 756 758 757
f 758 761 757
f 757 761 764
f 761 763 764
f 760 750 762
f 750 751 762
f 766 765 751
f 765 762 751
f 767 769 765
f 769 768 765
f 765 768 762
f 768 763 762
f 765 766 767
f 766 746 767
f 766 752 746
f 752 745 746
f 752 766 749
f 766 751 749
f 757 764 740
f 764 741 740
f 769 744 764
f 744 741 764
f 769 764 768
f 764 763 768
f 767 739 769
f 739 744 769
f 739 767 736
f 767 746 736
f 219 208 217
f 208 209 217
f 209 210 217
f 210 193 217
f 198 199 580
f 199 511 580
f 76 289 75
f 289 272 75
f 277 291 207
f 291 184 207
f 290 203 183
f 203 84 183
f 490 142 580
f 142 198 580
f 142 143 198
f 143 197 198
f 149 72 276
f 72 73 276
f 104 279 103
f 279 770 103
f 770 279 596
f 279 595 596
f 605 771 596
f 771 770 596
f 771 772 770
f 772 103 770
f 772 773 103
f 773 102 103
f 155 101 774
f 101 102 774
f 773 97 102
f 97 774 102
f 775 100 773
f 100 97 773
f 773 772 775
f 772 776 775
f 772 771 776
f 771 777 776
f 200 197 606
f 197 777 606
f 189 778 71
f 778 74 71
f 97 98 774
f 98 155 774
f 183 184 161
f 184 291 161
f 777 197 276
f 197 143 276
f 777 771 606
f 771 605 606
f 613 697 612
f 697 202 612
f 595 279 697
f 279 202 697
f 73 776 276
f 776 777 276
f 776 73 775
f 73 74 775
f 100 775 778
f 775 74 778
f 778 189 100
f 189 99 100
f 245 99 242
f 99 189 242
f 131 256 33
f 28 95 1
f 95 62 1
f 27 28 2
f 28 1 2
f 265 266 115
f 266 114 115
f 95 69 62
f 69 64 62
f 62 64 61
f 64 65 61
f 61 65 13
f 65 130 13
f 13 130 12
f 130 14 12
f 31 32 11
f 32 268 11
f 15 31 12
f 31 11 12
f 31 15 30
f 15 231 30
f 30 231 106
f 231 232 106
f 287 106 237
f 106 232 237
f 254 287 90
f 287 237 90
f 253 254 44
f 254 90 44
f 253 44 249
f 44 7 249
f 267 268 127
f 268 126 127
f 10 241 3
f 241 116 3
f 3 116 2
f 116 114 2
f 2 114 27
f 114 266 27
f 27 266 26
f 266 113 26
f 26 113 286
f 113 110 286
f 286 110 243
f 110 255 243
f 243 255 242
f 255 256 242
f 242 256 245
f 256 131 245
f 245 131 244
f 131 132 244
f 265 115 37
f 115 41 37
f 41 42 37
f 42 40 37
f 92 40 91
f 40 42 91
f 236 92 233
f 92 91 233
f 191 236 194
f 236 233 194
f 258 244 285
f 244 132 285
f 257 258 55
f 258 285 55
f 257 201 154
f 201 185 154
f 56 204 201
f 204 180 201
f 55 56 257
f 56 201 257
f 204 56 85
f 56 52 85
f 86 53 122
f 53 79 122
f 212 86 215
f 86 122 215
f 211 212 216
f 212 215 216
f 192 211 280
f 211 216 280
f 191 192 240
f 192 280 240
f 249 7 124
f 7 8 124
f 124 8 127
f 8 241 127
f 127 241 267
f 241 10 267
f 10 9 267
f 9 11 267
f 93 235 39
f 235 240 39
f 39 240 123
f 240 280 123
f 123 280 119
f 280 216 119
f 119 216 118
f 216 215 118
f 118 215 120
f 215 122 120
f 120 122 121
f 122 79 121
f 121 79 109
f 79 80 109
f 780 781 779
f 779 781 782
f 783 784 786
f 786 784 785
f 787 782 788
f 788 782 781
f 790 791 789
f 789 791 787
f 792 790 794
f 794 790 793
f 796 797 795
f 795 797 798
f 800 801 799
f 799 801 802
f 804 805 803
f 803 805 806
f 808 809 807
f 807 809 810
f 811 812 814
f 814 812 813
f 815 816 818
f 818 816 817
f 819 820 784
f 784 820 821
f 784 821 785
f 785 821 822
f 823 812 824
f 824 812 811
f 826 827 825
f 825 827 828
f 830 831 829
f 829 831 832
f 834 830 833
f 833 830 829
f 836 837 835
f 835 837 838
f 839 840 782
f 782 840 779
f 842 843 841
f 841 843 844
f 846 847 845
f 845 847 848
f 850 851 849
f 849 851 852
f 854 855 853
f 853 855 856
f 831 857 832
f 832 857 858
f 860 861 859
f 859 861 862
f 863 864 830
f 830 864 831
f 835 838 865
f 865 838 866
f 867 868 821
f 821 868 822
f 821 820 867
f 867 820 869
f 818 817 870
f 870 817 871
f 872 848 842
f 842 848 847
f 791 839 787
f 787 839 782
f 803 806 847
f 847 806 873
f 874 803 846
f 846 803 847
f 876 877 875
f 875 877 878
f 879 880 882
f 882 880 881
f 884 808 883
f 883 808 807
f 829 832 885
f 885 832 886
f 832 858 886
f 886 858 887
f 889 890 888
f 888 890 891
f 893 783 892
f 892 783 894
f 893 819 783
f 783 819 784
f 814 813 889
f 889 813 895
f 813 896 895
f 895 896 897
f 812 898 813
f 813 898 896
f 812 823 898
f 898 823 899
f 903 904 902
f 902 904 905
f 906 907 792
f 792 907 908
f 811 909 824
f 824 909 910
f 911 872 841
f 841 872 842
f 912 913 915
f 915 913 914
f 917 918 916
f 916 918 919
f 855 920 856
f 856 920 921
f 922 923 798
f 798 923 924
f 926 927 925
f 925 927 850
f 929 930 928
f 928 930 931
f 860 879 861
f 861 879 882
f 879 860 933
f 933 860 932
f 934 935 836
f 836 935 837
f 936 846 925
f 925 846 845
f 937 924 793
f 793 924 794
f 846 936 874
f 874 936 938
f 907 844 908
f 908 844 843
f 940 941 939
f 939 941 942
f 944 945 943
f 943 945 946
f 948 949 947
f 947 949 950
f 952 949 951
f 951 949 948
f 954 955 953
f 953 955 956
f 958 959 957
f 957 959 802
f 960 961 799
f 799 961 962
f 859 963 860
f 860 963 932
f 964 965 966
f 966 965 922
f 936 849 938
f 938 849 967
f 968 913 935
f 935 913 837
f 947 950 917
f 917 950 918
f 925 850 936
f 936 850 849
f 970 971 969
f 969 971 972
f 945 944 827
f 827 944 973
f 974 968 828
f 828 968 935
f 975 976 978
f 978 976 977
f 799 802 960
f 960 802 959
f 924 937 798
f 798 937 795
f 960 959 859
f 859 959 963
f 979 963 958
f 958 963 959
f 980 981 861
f 861 981 862
f 983 984 982
f 982 984 863
f 985 800 962
f 962 800 799
f 957 802 986
f 986 802 801
f 986 987 957
f 957 987 983
f 987 988 983
f 983 988 984
f 990 984 989
f 989 984 988
f 957 983 958
f 958 983 982
f 991 954 866
f 866 954 992
f 864 863 990
f 990 863 984
f 971 995 996
f 995 997 996
f 996 997 998
f 997 796 998
f 998 796 795
f 797 999 798
f 798 999 922
f 1000 1001 1003
f 1003 1001 1002
f 953 1004 954
f 954 1004 992
f 1005 865 992
f 992 865 866
f 998 795 1006
f 1006 795 937
f 912 991 838
f 838 991 866
f 916 1007 929
f 929 1007 930
f 971 970 988
f 988 970 989
f 1008 972 996
f 996 972 971
f 1009 1010 1006
f 1006 1010 1008
f 1011 1012 869
f 869 1012 867
f 1013 1014 871
f 871 1014 870
f 1008 1010 1012
f 1012 1010 1015
f 825 1016 826
f 826 1016 1017
f 1018 969 1013
f 1013 969 1014
f 783 786 894
f 894 786 1019
f 1020 1021 967
f 967 1021 938
f 1022 1023 876
f 876 1023 877
f 934 1024 825
f 825 1024 1016
f 854 1025 855
f 855 1025 1026
f 1028 903 1027
f 1027 903 902
f 1030 1031 1029
f 1029 1031 1032
f 889 888 814
f 814 888 1033
f 1034 811 1033
f 1033 811 814
f 1035 1036 932
f 932 1036 933
f 841 947 911
f 911 947 917
f 844 948 841
f 841 948 947
f 951 948 907
f 907 948 844
f 907 906 951
f 951 906 1037
f 906 1038 1037
f 1037 1038 1039
f 991 912 1040
f 1040 912 915
f 1041 1042 964
f 964 1042 965
f 890 1043 891
f 891 1043 1044
f 789 1045 1046
f 1012 1011 1008
f 1008 1011 972
f 931 1047 848
f 848 1047 845
f 953 956 943
f 943 956 919
f 928 931 872
f 872 931 848
f 1049 999 1048
f 1048 999 985
f 1047 931 1050
f 1050 931 930
f 899 823 887
f 887 823 886
f 825 828 934
f 934 828 935
f 835 1051 836
f 836 1051 1052
f 923 1053 1038
f 1038 1053 1039
f 1054 927 921
f 921 927 856
f 926 1047 853
f 853 1047 1050
f 985 1055 1048
f 1048 1055 1056
f 973 974 827
f 827 974 828
f 837 913 838
f 838 913 912
f 861 882 980
f 980 882 1057
f 927 926 856
f 856 926 853
f 1025 1056 1026
f 1026 1056 1055
f 961 960 862
f 862 960 859
f 826 1017 1059
f 1059 1017 1060
f 1005 1001 1061
f 1061 1001 1000
f 1001 1004 1002
f 1002 1004 946
f 1059 1060 1002
f 1002 1060 1003
f 943 946 953
f 953 946 1004
f 1042 1041 916
f 916 1041 1007
f 792 794 906
f 906 794 1038
f 998 1006 996
f 996 1006 1008
f 865 1005 1062
f 1062 1005 1061
f 1038 794 923
f 923 794 924
f 1022 876 1036
f 1036 876 933
f 836 1052 934
f 934 1052 1024
f 885 1063 829
f 829 1063 833
f 1021 1064 938
f 938 1064 874
f 1012 1015 867
f 867 1015 868
f 824 910 885
f 885 910 1063
f 1031 1030 1027
f 1027 1030 1028
f 1064 804 874
f 874 804 803
f 884 883 1065
f 1065 883 1066
f 1050 930 1067
f 1067 930 1007
f 916 929 917
f 917 929 911
f 961 1068 939
f 939 1068 940
f 1069 1070 1055
f 1055 1070 1071
f 929 928 911
f 911 928 872
f 1040 1053 955
f 955 1053 965
f 922 965 923
f 923 965 1053
f 1051 835 1062
f 1062 835 865
f 952 914 968
f 968 914 913
f 889 895 890
f 890 895 816
f 895 897 816
f 816 897 901
f 890 816 1043
f 1043 816 815
f 1065 1066 1032
f 1032 1066 1029
f 1006 937 1009
f 1009 937 793
f 1001 1005 1004
f 1004 1005 992
f 925 845 926
f 926 845 1047
f 1002 946 1059
f 1059 946 945
f 977 941 978
f 978 941 940
f 823 824 886
f 886 824 885
f 1059 945 826
f 826 945 827
f 939 942 1069
f 1069 942 1070
f 816 901 817
f 1071 1072 1055
f 1055 1072 1026
f 1062 1061 1074
f 1074 1061 1073
f 1062 1074 1051
f 1051 1074 1075
f 1052 1051 1076
f 1076 1051 1075
f 1024 1052 1077
f 1077 1052 1076
f 1061 1000 1073
f 1073 1000 1078
f 1000 1003 1078
f 1078 1003 1079
f 1079 1003 1080
f 1080 1003 1060
f 1081 1082 1078
f 1078 1082 1073
f 1084 1085 1083
f 1083 1085 1086
f 1087 1088 1086
f 1086 1088 1083
f 1086 1085 1090
f 1090 1085 1089
f 1091 1092 1090
f 1090 1092 1093
f 1089 1094 1090
f 1090 1094 1091
f 1095 1082 1089
f 1089 1082 1094
f 1093 1087 1090
f 1090 1087 1086
f 1096 1097 1099
f 1099 1097 1098
f 1097 1096 1087
f 1087 1096 1088
f 1089 1085 1095
f 1095 1085 1084
f 1084 1075 1095
f 1095 1075 1074
f 1084 1100 1075
f 1075 1100 1076
f 1083 1101 1084
f 1084 1101 1100
f 1101 1083 1102
f 1102 1083 1088
f 1082 1095 1073
f 1073 1095 1074
f 1096 1103 1088
f 1088 1103 1102
f 1101 1102 1104
f 1104 1102 1105
f 1102 1103 1105
f 1105 1103 1106
f 1104 1105 1107
f 1107 1105 1108
f 1107 1109 1104
f 1104 1109 1110
f 1111 1108 1106
f 1106 1108 1105
f 1101 1104 1100
f 1100 1104 1110
f 1100 1110 1076
f 1076 1110 1077
f 1103 1096 1112
f 1112 1096 1099
f 1091 1094 1113
f 1113 1094 1082
f 1113 1114 1091
f 1091 1114 1092
f 1082 1081 1113
f 1113 1081 1115
f 1114 1113 1116
f 1116 1113 1115
f 1114 1117 1092
f 1092 1117 1118
f 1024 1077 1016
f 1016 1077 1119
f 1017 1120 1060
f 1060 1120 1080
f 1120 1017 1119
f 1119 1017 1016
f 1119 1109 1120
f 1120 1109 1121
f 1109 1107 1121
f 1121 1107 1122
f 1120 1121 1080
f 1080 1121 1123
f 1119 1077 1109
f 1109 1077 1110
f 1124 1079 1123
f 1123 1079 1080
f 1124 1081 1079
f 1079 1081 1078
f 1125 1115 1124
f 1124 1115 1081
f 1125 1124 1126
f 1126 1124 1123
f 1127 1125 1128
f 1128 1125 1126
f 1121 1122 1123
f 1123 1122 1126
f 1122 1129 1126
f 1126 1129 1128
f 1115 1125 1116
f 1116 1125 1127
f 1131 1116 1130
f 1130 1116 1127
f 1130 1133 1132
f 1132 1133 1134
f 1130 1127 1133
f 1133 1127 1128
f 1130 1132 1131
f 1131 1132 1112
f 1131 1112 1117
f 1117 1112 1099
f 1117 1114 1131
f 1131 1114 1116
f 1107 1108 1122
f 1122 1108 1129
f 1134 1129 1111
f 1111 1129 1108
f 1134 1133 1129
f 1129 1133 1128
f 1132 1134 1106
f 1106 1134 1111
f 1106 1103 1132
f 1132 1103 1112
f 1087 1093 1097
f 1097 1093 1098
f 1098 1118 1099
f 1099 1118 1117
f 1098 1093 1118
f 1118 1093 1092
f 915 914 1039
f 1039 914 1037
f 918 944 919
f 919 944 943
f 950 949 973
f 973 949 974
f 949 952 974
f 974 952 968
f 956 955 1042
f 1042 955 965
f 950 973 918
f 918 973 944
f 915 1039 1040
f 1040 1039 1053
f 956 1042 919
f 919 1042 916
f 1040 955 991
f 991 955 954
f 914 952 1037
f 1037 952 951
f 1136 1137 1135
f 1135 1137 1138
f 1140 1141 1139
f 1139 1141 1142
f 1139 1142 1143
f 1143 1142 1144
f 1145 1146 1148
f 1148 1146 1147
f 854 1149 1025
f 1025 1149 1150
f 1151 1152 1140
f 1140 1152 1141
f 1154 1155 1153
f 1153 1155 1156
f 1067 1007 1158
f 1158 1007 1157
f 1159 1157 1041
f 1041 1157 1007
f 1161 1162 1160
f 1160 1162 1163
f 1164 1146 1152
f 1152 1146 1141
f 854 1067 1149
f 1149 1067 1158
f 1155 1154 1137
f 1137 1154 1165
f 1166 1164 1138
f 1138 1164 1152
f 1167 1161 1144
f 1144 1161 1168
f 1170 1171 1169
f 1169 1171 1172
f 1161 1160 1168
f 1168 1160 1173
f 1174 1143 1168
f 1168 1143 1144
f 1167 1144 1145
f 1145 1144 1142
f 1135 1175 1136
f 1136 1175 1176
f 1151 1177 1135
f 1135 1177 1175
f 1167 1145 1178
f 1178 1145 1148
f 1160 1163 1153
f 1153 1163 1150
f 1135 1138 1151
f 1151 1138 1152
f 1139 1179 1140
f 1140 1179 1180
f 1165 1166 1137
f 1137 1166 1138
f 1141 1146 1142
f 1142 1146 1145
f 1136 1176 1181
f 1181 1176 1182
f 1174 1170 1183
f 1183 1170 1169
f 1170 1173 1171
f 1171 1173 1156
f 1171 1181 1172
f 1172 1181 1182
f 1153 1156 1160
f 1160 1156 1173
f 1143 1174 1184
f 1184 1174 1183
f 1140 1180 1151
f 1151 1180 1177
f 1049 1048 1178
f 1178 1048 1162
f 1179 1139 1184
f 1184 1139 1143
f 1159 1147 1164
f 1164 1147 1146
f 1170 1174 1173
f 1173 1174 1168
f 1171 1156 1181
f 1181 1156 1155
f 1181 1155 1136
f 1136 1155 1137
f 1184 1183 1186
f 1186 1183 1185
f 1184 1186 1179
f 1179 1186 1187
f 1179 1187 1180
f 1180 1187 1188
f 1180 1188 1177
f 1177 1188 1189
f 1183 1169 1185
f 1185 1169 1190
f 1169 1172 1190
f 1190 1172 1191
f 1172 1182 1191
f 1191 1182 1192
f 1193 1194 1190
f 1190 1194 1185
f 1196 1197 1195
f 1195 1197 1198
f 1199 1200 1196
f 1196 1200 1197
f 1197 1200 1202
f 1202 1200 1201
f 1203 1204 1202
f 1202 1204 1205
f 1201 1206 1202
f 1202 1206 1203
f 1205 1198 1202
f 1202 1198 1197
f 1198 1207 1195
f 1195 1207 1208
f 1201 1200 1209
f 1209 1200 1199
f 1199 1187 1209
f 1209 1187 1186
f 1199 1210 1187
f 1187 1210 1188
f 1196 1211 1199
f 1199 1211 1210
f 1212 1211 1195
f 1195 1211 1196
f 1209 1194 1201
f 1201 1194 1206
f 1194 1209 1185
f 1185 1209 1186
f 1213 1212 1208
f 1208 1212 1195
f 1211 1212 1214
f 1214 1212 1215
f 1212 1213 1215
f 1215 1213 1216
f 1214 1215 1217
f 1217 1215 1218
f 1217 1219 1214
f 1214 1219 1220
f 1216 1221 1215
f 1215 1221 1218
f 1214 1220 1211
f 1211 1220 1210
f 1210 1220 1188
f 1188 1220 1189
f 1213 1208 1223
f 1223 1208 1222
f 1208 1207 1222
f 1222 1207 1224
f 1203 1206 1225
f 1225 1206 1194
f 1204 1203 1226
f 1226 1203 1225
f 1194 1193 1225
f 1225 1193 1227
f 1225 1227 1226
f 1226 1227 1228
f 1229 1230 1226
f 1226 1230 1204
f 1224 1230 1222
f 1222 1230 1229
f 1177 1189 1175
f 1175 1189 1231
f 1176 1232 1182
f 1182 1232 1192
f 1232 1176 1231
f 1231 1176 1175
f 1231 1219 1232
f 1232 1219 1233
f 1219 1217 1233
f 1233 1217 1234
f 1232 1233 1192
f 1192 1233 1235
f 1219 1231 1220
f 1220 1231 1189
f 1236 1191 1235
f 1235 1191 1192
f 1236 1193 1191
f 1191 1193 1190
f 1236 1237 1193
f 1193 1237 1227
f 1237 1236 1238
f 1238 1236 1235
f 1239 1237 1240
f 1240 1237 1238
f 1233 1234 1235
f 1235 1234 1238
f 1234 1241 1238
f 1238 1241 1240
f 1237 1239 1227
f 1227 1239 1228
f 1243 1228 1242
f 1242 1228 1239
f 1242 1245 1244
f 1244 1245 1246
f 1242 1239 1245
f 1245 1239 1240
f 1242 1244 1243
f 1243 1244 1223
f 1243 1223 1229
f 1229 1223 1222
f 1229 1226 1243
f 1243 1226 1228
f 1217 1218 1234
f 1234 1218 1241
f 1246 1241 1221
f 1221 1241 1218
f 1246 1245 1241
f 1241 1245 1240
f 1244 1246 1216
f 1216 1246 1221
f 1216 1213 1244
f 1244 1213 1223
f 1198 1205 1207
f 1207 1205 1224
f 1224 1205 1230
f 1230 1205 1204
f 1148 1147 966
f 966 1147 964
f 1149 1154 1150
f 1150 1154 1153
f 1158 1157 1165
f 1165 1157 1166
f 1157 1159 1166
f 1166 1159 1164
f 1163 1162 1056
f 1056 1162 1048
f 1158 1165 1149
f 1149 1165 1154
f 1178 1148 1049
f 1049 1148 966
f 1163 1056 1150
f 1150 1056 1025
f 1178 1162 1167
f 1167 1162 1161
f 1147 1159 964
f 964 1159 1041
f 999 1049 922
f 922 1049 966
f 999 797 985
f 985 797 800
f 797 796 800
f 800 796 801
f 796 997 801
f 801 997 986
f 1247 1248 1250
f 1250 1248 1249
f 1252 1253 1251
f 1251 1253 1254
f 1251 1254 1255
f 1255 1254 1256
f 1258 1259 1257
f 1257 1259 1260
f 1261 1262 1252
f 1252 1262 1253
f 1264 1265 1263
f 1263 1265 1266
f 1267 1268 855
f 855 1268 920
f 1269 1267 1026
f 1026 1267 855
f 1271 1272 1270
f 1270 1272 1273
f 1274 1258 1262
f 1262 1258 1253
f 1264 1275 1265
f 1265 1275 1249
f 1276 1274 1250
f 1250 1274 1262
f 1277 1271 1256
f 1256 1271 1278
f 1279 1280 1282
f 1282 1280 1281
f 1271 1270 1278
f 1278 1270 1283
f 1284 1255 1278
f 1278 1255 1256
f 1277 1256 1257
f 1257 1256 1254
f 1247 1285 1248
f 1248 1285 1286
f 1261 1287 1247
f 1247 1287 1285
f 1257 1260 1277
f 1277 1260 1288
f 1270 1273 1263
f 1263 1273 1289
f 1261 1247 1262
f 1262 1247 1250
f 1251 1290 1252
f 1252 1290 1291
f 1275 1276 1249
f 1249 1276 1250
f 1253 1258 1254
f 1254 1258 1257
f 1248 1286 1292
f 1292 1286 1293
f 1284 1280 1294
f 1294 1280 1279
f 1281 1280 1266
f 1266 1280 1283
f 1292 1293 1281
f 1281 1293 1282
f 1263 1266 1270
f 1270 1266 1283
f 1255 1284 1295
f 1295 1284 1294
f 1252 1291 1261
f 1261 1291 1287
f 1288 1070 1272
f 1272 1070 942
f 1290 1251 1295
f 1295 1251 1255
f 1269 1259 1274
f 1274 1259 1258
f 1280 1284 1283
f 1283 1284 1278
f 1281 1266 1292
f 1292 1266 1265
f 1292 1265 1248
f 1248 1265 1249
f 1295 1294 1297
f 1297 1294 1296
f 1295 1297 1290
f 1290 1297 1298
f 1290 1298 1291
f 1291 1298 1299
f 1291 1299 1287
f 1287 1299 1300
f 1294 1279 1296
f 1296 1279 1301
f 1279 1282 1301
f 1301 1282 1302
f 1302 1282 1303
f 1303 1282 1293
f 1304 1305 1301
f 1301 1305 1296
f 1307 1308 1306
f 1306 1308 1309
f 1310 1311 1307
f 1307 1311 1308
f 1308 1311 1313
f 1313 1311 1312
f 1314 1315 1313
f 1313 1315 1316
f 1312 1317 1313
f 1313 1317 1314
f 1316 1309 1313
f 1313 1309 1308
f 1318 1319 1309
f 1309 1319 1306
f 1311 1310 1312
f 1312 1310 1320
f 1310 1298 1320
f 1320 1298 1297
f 1310 1321 1298
f 1298 1321 1299
f 1307 1322 1310
f 1310 1322 1321
f 1322 1307 1323
f 1323 1307 1306
f 1312 1320 1317
f 1317 1320 1305
f 1305 1320 1296
f 1296 1320 1297
f 1319 1324 1306
f 1306 1324 1323
f 1325 1322 1326
f 1326 1322 1323
f 1324 1327 1323
f 1323 1327 1326
f 1328 1325 1329
f 1329 1325 1326
f 1325 1328 1331
f 1331 1328 1330
f 1327 1332 1326
f 1326 1332 1329
f 1322 1325 1321
f 1321 1325 1331
f 1321 1331 1299
f 1299 1331 1300
f 1324 1319 1334
f 1334 1319 1333
f 1319 1318 1333
f 1333 1318 1335
f 1314 1317 1336
f 1336 1317 1305
f 1315 1314 1337
f 1337 1314 1336
f 1305 1304 1336
f 1336 1304 1338
f 1337 1336 1339
f 1339 1336 1338
f 1337 1340 1315
f 1315 1340 1341
f 1335 1341 1333
f 1333 1341 1340
f 1287 1300 1285
f 1285 1300 1342
f 1286 1343 1293
f 1293 1343 1303
f 1343 1286 1342
f 1342 1286 1285
f 1342 1330 1343
f 1343 1330 1344
f 1330 1328 1344
f 1344 1328 1345
f 1343 1344 1303
f 1303 1344 1346
f 1342 1300 1330
f 1330 1300 1331
f 1347 1302 1346
f 1346 1302 1303
f 1347 1304 1302
f 1302 1304 1301
f 1348 1338 1347
f 1347 1338 1304
f 1348 1347 1349
f 1349 1347 1346
f 1350 1348 1351
f 1351 1348 1349
f 1344 1345 1346
f 1346 1345 1349
f 1345 1352 1349
f 1349 1352 1351
f 1348 1350 1338
f 1338 1350 1339
f 1354 1339 1353
f 1353 1339 1350
f 1353 1356 1355
f 1355 1356 1357
f 1353 1350 1356
f 1356 1350 1351
f 1353 1355 1354
f 1354 1355 1334
f 1354 1334 1340
f 1340 1334 1333
f 1340 1337 1354
f 1354 1337 1339
f 1328 1329 1345
f 1345 1329 1352
f 1357 1352 1332
f 1332 1352 1329
f 1357 1356 1352
f 1352 1356 1351
f 1357 1332 1355
f 1355 1332 1327
f 1327 1324 1355
f 1355 1324 1334
f 1309 1316 1318
f 1318 1316 1335
f 1335 1316 1341
f 1341 1316 1315
f 1259 1072 1260
f 1260 1072 1071
f 1358 1264 1289
f 1289 1264 1263
f 1268 1267 1275
f 1275 1267 1276
f 1267 1269 1276
f 1276 1269 1274
f 941 1273 942
f 942 1273 1272
f 1358 1268 1264
f 1264 1268 1275
f 1260 1071 1288
f 1288 1071 1070
f 1273 941 1289
f 1289 941 977
f 1272 1271 1288
f 1288 1271 1277
f 1259 1269 1072
f 1072 1269 1026
f 1360 1361 1359
f 1359 1361 1362
f 1364 1365 1363
f 1363 1365 1366
f 1363 1366 1367
f 1367 1366 1368
f 1370 1371 1369
f 1369 1371 1372
f 1373 1374 1376
f 1376 1374 1375
f 1377 1378 1364
f 1364 1378 1365
f 1379 1380 1382
f 1382 1380 1381
f 1383 1384 1386
f 1386 1384 1385
f 1387 1385 978
f 978 1385 1384
f 1388 1389 1391
f 1391 1389 1390
f 1378 1392 1365
f 1365 1392 1370
f 1374 1383 1375
f 1375 1383 1386
f 1380 1393 1381
f 1381 1393 1361
f 1394 1392 1362
f 1362 1392 1378
f 1389 1396 1395
f 1395 1396 1368
f 1398 1399 1397
f 1397 1399 1400
f 1388 1401 1389
f 1389 1401 1396
f 1402 1367 1396
f 1396 1367 1368
f 1395 1368 1369
f 1369 1368 1366
f 1359 1403 1360
f 1360 1403 1404
f 1377 1405 1359
f 1359 1405 1403
f 1369 1372 1395
f 1395 1372 1406
f 1379 1388 1376
f 1376 1388 1391
f 1359 1362 1377
f 1377 1362 1378
f 1363 1407 1364
f 1364 1407 1408
f 1393 1394 1361
f 1361 1394 1362
f 1365 1370 1366
f 1366 1370 1369
f 1360 1404 1409
f 1409 1404 1410
f 1402 1398 1411
f 1411 1398 1397
f 1399 1398 1382
f 1382 1398 1401
f 1409 1410 1399
f 1399 1410 1400
f 1388 1379 1401
f 1401 1379 1382
f 1367 1402 1412
f 1412 1402 1411
f 1364 1408 1377
f 1377 1408 1405
f 981 980 1406
f 1406 980 1390
f 1407 1363 1412
f 1412 1363 1367
f 1387 1371 1392
f 1392 1371 1370
f 1398 1402 1401
f 1401 1402 1396
f 1409 1399 1381
f 1381 1399 1382
f 1360 1409 1361
f 1361 1409 1381
f 1412 1411 1414
f 1414 1411 1413
f 1412 1414 1407
f 1407 1414 1415
f 1407 1415 1408
f 1408 1415 1416
f 1408 1416 1405
f 1405 1416 1417
f 1411 1397 1413
f 1413 1397 1418
f 1397 1400 1418
f 1418 1400 1419
f 1419 1400 1420
f 1420 1400 1410
f 1422 1413 1421
f 1421 1413 1418
f 1423 1424 1426
f 1426 1424 1425
f 1427 1428 1424
f 1424 1428 1425
f 1425 1428 1430
f 1430 1428 1429
f 1430 1431 1433
f 1433 1431 1432
f 1429 1434 1430
f 1430 1434 1431
f 1433 1426 1430
f 1430 1426 1425
f 1426 1435 1423
f 1423 1435 1436
f 1428 1427 1429
f 1429 1427 1437
f 1427 1415 1437
f 1437 1415 1414
f 1427 1438 1415
f 1415 1438 1416
f 1439 1438 1424
f 1424 1438 1427
f 1440 1439 1423
f 1423 1439 1424
f 1429 1437 1434
f 1434 1437 1422
f 1422 1437 1413
f 1413 1437 1414
f 1441 1440 1436
f 1436 1440 1423
f 1442 1439 1443
f 1443 1439 1440
f 1441 1444 1440
f 1440 1444 1443
f 1445 1442 1446
f 1446 1442 1443
f 1442 1445 1448
f 1448 1445 1447
f 1444 1449 1443
f 1443 1449 1446
f 1439 1442 1438
f 1438 1442 1448
f 1438 1448 1416
f 1416 1448 1417
f 1436 1450 1441
f 1441 1450 1451
f 1436 1435 1450
f 1450 1435 1452
f 1431 1434 1453
f 1453 1434 1422
f 1431 1453 1432
f 1432 1453 1454
f 1453 1422 1455
f 1455 1422 1421
f 1454 1453 1456
f 1456 1453 1455
f 1457 1458 1454
f 1454 1458 1432
f 1452 1458 1450
f 1450 1458 1457
f 1405 1417 1403
f 1403 1417 1459
f 1404 1460 1410
f 1410 1460 1420
f 1459 1460 1403
f 1403 1460 1404
f 1447 1461 1459
f 1459 1461 1460
f 1445 1462 1447
f 1447 1462 1461
f 1460 1461 1420
f 1420 1461 1463
f 1459 1417 1447
f 1447 1417 1448
f 1464 1419 1463
f 1463 1419 1420
f 1419 1464 1418
f 1418 1464 1421
f 1464 1465 1421
f 1421 1465 1455
f 1465 1464 1466
f 1466 1464 1463
f 1467 1465 1468
f 1468 1465 1466
f 1461 1462 1463
f 1463 1462 1466
f 1462 1469 1466
f 1466 1469 1468
f 1465 1467 1455
f 1455 1467 1456
f 1471 1456 1470
f 1470 1456 1467
f 1470 1473 1472
f 1472 1473 1474
f 1470 1467 1473
f 1473 1467 1468
f 1470 1472 1471
f 1471 1472 1451
f 1471 1451 1457
f 1457 1451 1450
f 1457 1454 1471
f 1471 1454 1456
f 1462 1445 1469
f 1469 1445 1446
f 1474 1469 1449
f 1449 1469 1446
f 1474 1473 1469
f 1469 1473 1468
f 1472 1474 1444
f 1444 1474 1449
f 1444 1441 1472
f 1472 1441 1451
f 1426 1433 1435
f 1435 1433 1452
f 1452 1433 1458
f 1458 1433 1432
f 1371 940 1372
f 1372 940 1068
f 1376 1375 1379
f 1379 1375 1380
f 1393 1386 1394
f 1394 1386 1385
f 1385 1387 1394
f 1394 1387 1392
f 1475 1373 1391
f 1391 1373 1376
f 1375 1386 1380
f 1380 1386 1393
f 1372 1068 1406
f 1406 1068 981
f 1406 1390 1395
f 1395 1390 1389
f 1371 1387 940
f 940 1387 978
f 883 807 1476
f 1476 807 1477
f 1046 904 1479
f 1479 904 1478
f 904 903 1478
f 1478 903 1480
f 1030 1481 1028
f 1028 1481 1482
f 810 1046 1483
f 1483 1046 1479
f 1066 883 1484
f 1484 883 1476
f 807 810 1477
f 1477 810 1483
f 1485 1029 1484
f 1484 1029 1066
f 1028 1482 903
f 903 1482 1480
f 1481 1030 1485
f 1485 1030 1029
f 1484 1486 1485
f 1485 1486 1487
f 1485 1487 1481
f 1481 1487 1488
f 1481 1488 1482
f 1482 1488 1489
f 1482 1489 1480
f 1480 1489 1490
f 1484 1476 1486
f 1486 1476 1491
f 1476 1477 1491
f 1491 1477 1492
f 1477 1483 1492
f 1492 1483 1493
f 1495 1486 1494
f 1494 1486 1491
f 1497 1498 1496
f 1496 1498 1499
f 1500 1501 1497
f 1497 1501 1498
f 1502 1503 1501
f 1501 1503 1498
f 1502 1504 1503
f 1503 1504 1505
f 1506 1499 1503
f 1503 1499 1498
f 1499 1506 1507
f 1507 1506 1508
f 1507 1509 1499
f 1499 1509 1496
f 1502 1501 1510
f 1510 1501 1500
f 1500 1488 1510
f 1510 1488 1487
f 1500 1511 1488
f 1488 1511 1489
f 1497 1512 1500
f 1500 1512 1511
f 1512 1497 1513
f 1513 1497 1496
f 1502 1510 1504
f 1504 1510 1495
f 1495 1510 1486
f 1486 1510 1487
f 1509 1514 1496
f 1496 1514 1513
f 1515 1512 1516
f 1516 1512 1513
f 1514 1517 1513
f 1513 1517 1516
f 1518 1515 1519
f 1519 1515 1516
f 1515 1518 1521
f 1521 1518 1520
f 1517 1522 1516
f 1516 1522 1519
f 1512 1515 1511
f 1511 1515 1521
f 1511 1521 1489
f 1489 1521 1490
f 1514 1509 1524
f 1524 1509 1523
f 1509 1507 1523
f 1523 1507 1508
f 1505 1504 1525
f 1525 1504 1495
f 1526 1505 1527
f 1527 1505 1525
f 1525 1495 1528
f 1528 1495 1494
f 1527 1525 1529
f 1529 1525 1528
f 1527 1530 1526
f 1526 1530 1531
f 1508 1531 1523
f 1523 1531 1530
f 1506 1503 1526
f 1526 1503 1505
f 1508 1506 1531
f 1531 1506 1526
f 1478 1480 1532
f 1532 1480 1490
f 1483 1479 1493
f 1493 1479 1533
f 1532 1533 1478
f 1478 1533 1479
f 1520 1534 1532
f 1532 1534 1533
f 1518 1535 1520
f 1520 1535 1534
f 1533 1534 1493
f 1493 1534 1536
f 1532 1490 1520
f 1520 1490 1521
f 1537 1492 1536
f 1536 1492 1493
f 1492 1537 1491
f 1491 1537 1494
f 1537 1538 1494
f 1494 1538 1528
f 1538 1537 1539
f 1539 1537 1536
f 1540 1538 1541
f 1541 1538 1539
f 1534 1535 1536
f 1536 1535 1539
f 1535 1542 1539
f 1539 1542 1541
f 1538 1540 1528
f 1528 1540 1529
f 1544 1529 1543
f 1543 1529 1540
f 1545 1543 1547
f 1547 1543 1546
f 1543 1540 1546
f 1546 1540 1541
f 1543 1545 1544
f 1544 1545 1524
f 1544 1524 1530
f 1530 1524 1523
f 1530 1527 1544
f 1544 1527 1529
f 1535 1518 1542
f 1542 1518 1519
f 1547 1542 1522
f 1522 1542 1519
f 1547 1546 1542
f 1542 1546 1541
f 1545 1547 1517
f 1517 1547 1522
f 1517 1514 1545
f 1545 1514 1524
f 997 995 986
f 986 995 987
f 987 995 988
f 988 995 971
f 976 1358 977
f 977 1358 1289
f 854 853 1067
f 1067 853 1050
f 1055 985 1069
f 1069 985 962
f 1068 961 981
f 981 961 862
f 1268 1358 920
f 920 1358 976
f 920 976 921
f 921 976 975
f 927 1054 850
f 850 1054 851
f 882 881 1057
f 1057 881 1548
f 1548 1374 1057
f 1057 1374 1373
f 1383 1374 1549
f 1549 1374 1548
f 1549 1548 1550
f 1550 1548 881
f 1550 881 1551
f 1551 881 880
f 933 1552 879
f 879 1552 880
f 1551 880 875
f 875 880 1552
f 1553 1551 878
f 878 1551 875
f 1551 1553 1550
f 1550 1553 1554
f 1550 1554 1549
f 1549 1554 1555
f 978 1384 975
f 975 1384 1555
f 967 849 1556
f 1556 849 852
f 875 1552 876
f 876 1552 933
f 961 939 962
f 962 939 1069
f 1555 1054 975
f 975 1054 921
f 1555 1384 1549
f 1549 1384 1383
f 1391 1390 1475
f 1475 1390 980
f 1373 1475 1057
f 1057 1475 980
f 851 1054 1554
f 1554 1054 1555
f 1554 1553 851
f 851 1553 852
f 878 1556 1553
f 1553 1556 852
f 1556 878 967
f 967 878 877
f 1023 1020 877
f 877 1020 967
f 909 811 1034
f 806 779 873
f 873 779 840
f 805 780 806
f 806 780 779
f 1043 893 1044
f 1044 893 892
f 873 840 847
f 847 840 842
f 840 839 842
f 842 839 843
f 839 791 843
f 843 791 908
f 791 790 908
f 908 790 792
f 809 789 810
f 810 789 1046
f 793 790 809
f 809 790 789
f 809 808 793
f 793 808 1009
f 808 884 1009
f 1009 884 1010
f 1065 1015 884
f 884 1015 1010
f 1032 868 1065
f 1065 868 1015
f 1031 822 1032
f 1032 822 868
f 1031 1027 822
f 822 1027 785
f 1045 905 1046
f 1046 905 904
f 788 781 1019
f 1019 781 894
f 781 780 894
f 894 780 892
f 780 805 892
f 892 805 1044
f 805 804 1044
f 1044 804 891
f 804 1064 891
f 891 1064 888
f 1064 1021 888
f 888 1021 1033
f 1021 1020 1033
f 1033 1020 1034
f 1020 1023 1034
f 1034 1023 909
f 1023 1022 909
f 909 1022 910
f 1043 815 893
f 893 815 819
f 819 815 820
f 820 815 818
f 870 869 818
f 818 869 820
f 1014 1011 870
f 870 1011 869
f 969 972 1014
f 1014 972 1011
f 1036 1063 1022
f 1022 1063 910
f 1035 833 1036
f 1036 833 1063
f 1035 932 979
f 979 932 963
f 834 979 982
f 982 979 958
f 833 1035 834
f 834 1035 979
f 982 863 834
f 834 863 830
f 864 900 831
f 831 900 857
f 990 993 864
f 864 993 900
f 989 994 990
f 990 994 993
f 970 1058 989
f 989 1058 994
f 969 1018 970
f 970 1018 1058
f 1027 902 785
f 785 902 786
f 902 905 786
f 786 905 1019
f 905 1045 1019
f 1019 1045 788
f 788 1045 787
f 787 1045 789
f 871 817 1013
f 1013 817 1018
f 817 901 1018
f 1018 901 1058
f 901 897 1058
f 1058 897 994
f 897 896 994
f 994 896 993
f 896 898 993
f 993 898 900
f 898 899 900
f 900 899 857
f 899 887 857
f 857 887 858
